73
42 1.3119 0.1177 F#2
42 1.4396 0.1061 F#2
42 1.5557 0.0813 F#2
43 1.6370 0.1061 G2
43 1.7531 0.0813 G2
42 1.8344 0.1177 F#2
42 1.9621 0.3731 F#2
45 2.3452 0.1874 A2
42 2.5426 0.1974 F#2
48 2.7516 0.1874 C3
42 2.9489 0.1990 F#2
42 3.1579 0.1874 F#2
43 3.3553 0.0829 G2
42 3.4482 0.1061 F#2
42 3.5643 0.3135 F#2
45 3.9474 0.1990 A2
42 4.1564 0.1990 F#2
48 4.3654 0.1990 C3
42 4.5743 0.1974 F#2
42 4.7717 0.1061 F#2
43 4.8878 0.0829 G2
43 4.9807 0.0829 G2
42 5.0736 0.1177 F#2
42 5.2013 0.3251 F#2
45 5.5844 0.2222 A2
42 5.8166 0.1990 F#2
48 6.0256 0.1990 C3
42 6.2346 0.1974 F#2
42 6.4319 0.1061 F#2
43 6.5480 0.0945 G2
43 6.6525 0.0829 G2
42 6.7454 0.0945 F#2
42 6.8499 0.3367 F#2
45 7.2446 0.1990 A2
42 7.4536 0.1858 F#2
48 7.6510 0.2106 C3
42 7.8716 0.0945 F#2
42 7.9761 0.0945 F#2
42 8.0805 0.1990 F#2
43 8.2895 0.1974 G2
42 8.4869 0.3963 F#2
45 8.8932 0.1990 A2
42 9.1022 0.1858 F#2
48 9.3112 0.2106 C3
42 9.5318 0.1990 F#2
42 9.7408 0.1061 F#2
43 9.8569 0.0713 G2
43 9.9381 0.1045 G2
42 10.0426 0.1061 F#2
42 10.1587 0.3947 F#2
45 10.5535 0.1990 A2
42 10.7624 0.1974 F#2
48 10.9598 0.2106 C3
42 11.1804 0.0945 F#2
42 11.2849 0.0829 F#2
42 11.3778 0.1061 F#2
43 11.4939 0.0829 G2
43 11.5868 0.1990 G2
42 11.7957 0.3963 F#2
45 12.2021 0.1990 A2
42 12.4111 0.1990 F#2
48 12.6200 0.1990 C3
42 12.8290 0.1061 F#2
42 12.9451 0.0829 F#2
42 13.0380 0.1061 F#2
43 13.1541 0.0945 G2
43 13.2586 0.0945 G2
42 13.3631 0.1061 F#2
42 13.4792 0.3251 F#2
45 13.8739 0.1974 A2
42 14.0713 0.1974 F#2
48 14.2919 0.2106 C3
42 14.5125 2.1711 F#2
