131
42 1.3256 0.0813 F#2
42 1.4110 0.0464 F#2
42 1.4981 0.0580 F#2
42 1.6004 0.0464 F#2
43 1.6874 0.0580 G2
62 1.7488 0.0464 D4
43 1.8367 0.0464 G2
42 1.9189 0.0464 F#2
42 2.0106 0.0464 F#2
42 2.0960 0.0464 F#2
42 2.1821 0.0464 F#2
45 2.2686 0.0813 A2
45 2.4009 0.0580 A2
42 2.5099 0.0464 F#2
42 2.5995 0.0464 F#2
48 2.7178 0.0464 C3
48 2.8224 0.0580 C3
42 2.8831 0.0464 F#2
42 2.9798 0.0580 F#2
42 3.0893 0.0697 F#2
43 3.2456 0.0697 G2
43 3.3684 0.1045 G2
42 3.4733 0.0929 F#2
42 3.5650 0.0813 F#2
42 3.6501 0.0929 F#2
42 3.7364 0.0813 F#2
42 3.8220 0.0464 F#2
45 3.9089 0.0580 A2
45 4.0112 0.0464 A2
42 4.1111 0.0580 F#2
42 4.2079 0.0464 F#2
48 4.2935 0.0813 C3
48 4.4188 0.0580 C3
42 4.5254 0.0813 F#2
42 4.6434 0.0464 F#2
42 4.7287 0.0813 F#2
43 4.8477 0.0464 G2
43 4.9378 0.0464 G2
43 5.0275 0.0464 G2
42 5.1426 0.0580 F#2
42 5.2464 0.0464 F#2
42 5.3326 0.0464 F#2
42 5.4181 0.0464 F#2
45 5.5034 0.0464 A2
45 5.5927 0.0697 A2
45 5.7292 0.0464 A2
42 5.8371 0.0464 F#2
48 5.9223 0.0697 C3
48 6.0309 0.0580 C3
48 6.1372 0.0580 C3
42 6.1984 0.0464 F#2
42 6.2829 0.0464 F#2
42 6.3685 0.0697 F#2
42 6.4925 0.0580 F#2
43 6.5515 0.1045 G2
43 6.6545 0.0929 G2
42 6.7461 0.1161 F#2
42 6.8593 0.0813 F#2
42 7.1166 0.0697 F#2
45 7.2635 0.1045 A2
44 7.3635 0.0580 G#2
42 7.4179 0.0464 F#2
42 7.5111 0.0464 F#2
48 7.5969 0.0697 C3
48 7.7139 0.0464 C3
42 7.8054 0.0697 F#2
42 7.9221 0.0580 F#2
42 8.0189 0.0464 F#2
42 8.1092 0.0464 F#2
43 8.2015 0.0580 G2
43 8.3055 0.0464 G2
43 8.3941 0.0464 G2
42 8.4999 0.0464 F#2
42 8.5847 0.0464 F#2
42 8.6719 0.0464 F#2
42 8.7572 0.0464 F#2
45 8.8438 0.0580 A2
45 8.9621 0.0464 A2
42 9.0531 0.0580 F#2
42 9.1489 0.0464 F#2
48 9.2346 0.0464 C3
48 9.3176 0.0580 C3
48 9.4239 0.0697 C3
42 9.4926 0.0580 F#2
42 9.5890 0.0464 F#2
42 9.6816 0.0697 F#2
42 9.7946 0.0580 F#2
43 9.8554 0.0464 G2
43 9.9494 0.0464 G2
43 10.0489 0.0464 G2
42 10.1709 0.0580 F#2
42 10.2778 0.0580 F#2
42 10.3854 0.0464 F#2
45 10.4934 0.0697 A2
42 10.7186 0.0697 F#2
42 10.8429 0.1045 F#2
48 10.9704 0.1045 C3
42 11.0767 0.1161 F#2
42 11.1883 0.1277 F#2
42 11.3093 0.2786 F#2
43 11.5917 0.2322 G2
42 11.8187 0.2206 F#2
42 12.0769 0.0464 F#2
45 12.1641 0.0464 A2
45 12.2654 0.0580 A2
42 12.3654 0.0464 F#2
42 12.4532 0.0464 F#2
48 12.5389 0.0464 C3
48 12.6221 0.0464 C3
48 12.7133 0.0464 C3
42 12.8398 0.0464 F#2
42 12.9596 0.0464 F#2
42 13.0519 0.0464 F#2
43 13.1650 0.0580 G2
43 13.2595 0.0464 G2
43 13.3640 0.0464 G2
42 13.4446 0.0464 F#2
42 13.5297 0.0464 F#2
42 13.6151 0.0464 F#2
42 13.7019 0.0464 F#2
45 13.7881 0.0464 A2
45 13.8789 0.0464 A2
46 13.9880 0.0232 A#2
42 14.0839 0.0580 F#2
42 14.1909 0.0232 F#2
48 14.2942 0.0697 C3
42 14.4541 0.0929 F#2
42 14.5454 0.0813 F#2
42 14.6309 0.0929 F#2
42 14.7174 0.1509 F#2
42 14.9755 1.6951 F#2
